1.84316327303 1.3381961328
-1.11048933334 -0.785038562108
-2.10081768024 0.446599589062
-0.996053068215 -1.28155972351
2.03642523091 1.03164335098
-1.61898693431 0.451115543752
2.61823741642 0.847525020397
1.75693942643 -2.22083831078
0.99766764478 -1.23032511791
-0.800442875234 0.910531918555
2.36318830706 0.733197273865
2.95123037871 0.0670800698028
1.25778168465 0.909036370562
-1.09271992346 0.258985818978
1.857376656 -0.289698194121
2.41605350953 0.801170404006
-1.87705704786 -0.453659262303
0.789537917541 -1.59859283843
1.11219157658 0.84169252045
-1.03975546573 -0.424716267274
2.50672467078 0.512823500297
-1.35966643608 0.136269064233
2.73187590015 0.250034191864
1.74404427554 1.14628870345
0.905502442561 -1.57317122944
1.94034041808 1.23514412986
-0.29552149074 -0.373485101215
-1.13907949923 -0.0308905874062
1.25426317407 1.56144499593
-1.45612240123 -0.861964347646
0.479881254969 -0.995577015138
0.899131582694 0.863422882819
0.411042100325 -1.42131900816
-1.22947955335 -0.132954607156
-1.26406933005 -0.465171373435
2.72545441578 0.337348969309
-1.17409527288 0.369731182968
-1.61129018845 0.456350851382
-1.00417664597 -0.159100351456
2.83790423914 0.512710196125
0.16115153466 -1.10775543171
0.271757772304 -0.591076168472
0.937017893908 -1.55312314707
2.23485321649 0.705814366863
-1.7297807312 1.15233755003
0.259316964428 -1.02231104242
0.103752430473 -2.11923704949
-0.741789190935 -0.857189447766
1.16442742078 0.917244130641
-1.67547130011 0.909716114224
0.908412656958 1.10601304546
1.26660528664 1.27275709593
2.69183281738 0.689428370456
1.78395360434 0.115254723879
0.76946997721 -0.827210826503
1.15023425311 1.55947583588
1.34251844477 1.80977612942
3.40117718549 -0.130828407509
-1.23241991949 0.0109818205034
-0.779067429025 -1.2368007239
-1.60576263849 0.687281651957
3.05533046073 0.455842331247
2.02127434135 0.423453761109
-1.16031430093 -0.850075013943
1.56045067993 0.356722498131
-0.576854277462 -0.340860162281
-1.03306117859 -0.191000787037
-1.9100853603 -0.8084426658
-2.07393974713 0.534397632703
2.19201290562 0.317711131851
-0.568573992831 1.0499721285
2.95487855849 -0.076376619634
-1.44512529595 -0.10593038138
-0.764317267495 1.32395809376
-1.56291720957 -0.0191350136657
2.15365875485 0.670571948585
0.39482885324 0.560547392421
-1.02382732967 -1.82266268194
1.0510503238 0.796439909055
-0.627223520005 -0.709830716921
2.21560866421 0.501017698194
-1.10879764602 0.798857268564
-1.48064487521 1.19264794203
-1.15318829311 0.50339175332
-0.913280281561 0.695356997258
-1.63675857376 0.19261748161
0.165646438937 -1.66045712907
0.741138290553 -1.04868727907
0.787811228671 -1.38246847748
-1.56044514523 -0.842628353117
-1.56234379386 0.43258801885
-1.29225738595 -0.722742670643
-1.15407398621 -1.14223900545
-2.76904533155 0.765333429401
1.04403782488 -0.85552759175
1.67685899004 1.57277328541
1.89076019887 0.213478994843
-0.76873709691 -0.146915090205
1.17799759244 -2.12288661228
-0.908042012057 0.355761365109
1.47347156963 0.8016208288
-1.64684234416 0.713015587491
-0.852102337334 -1.06922981333
-1.55714396325 0.536778934073
0.735308152938 -1.16228745778
-1.34070256094 -0.567096836205
-1.36442068019 0.750844041516
-0.0483411575514 -1.2205853004
0.0576398141055 -0.884092968259
1.50887676431 1.39336115976
-0.516981469294 -0.953441089483
-0.90229276883 -0.99948484983
1.13865536779 0.316791173407
0.646997205834 1.46123153778
-0.842882901402 -1.0099435816
0.43349283344 -0.906429683101
-0.734656576062 1.56763400057
-1.83300982098 0.592095299571
-1.05755090875 -0.405887020352
-1.58832648356 -0.921794838416
1.05641850332 -0.974363980875
0.680605857516 -1.27633240083
-1.26085963827 -0.982882772635
0.215961663324 -1.12055445817
-1.15187304983 -1.06757012348
-0.678386217751 -0.749816011648
1.17669469522 0.298555656725
1.92124913061 0.604507194013
1.17856829876 0.538649575088
1.42114620238 1.24648268842
1.18170652005 -1.45230959469
2.36867671308 0.166576569958
1.84876877323 0.429052198963
0.767235621777 -1.17909245158
-0.687900733597 -0.314646934979
-0.0837100357456 -0.870753394672
2.32988951453 -0.0451899956594
0.462938212224 -1.20790541666
-1.31424861741 0.443037393056
-0.825174414071 -1.15622590169
2.18998650404 0.750048049908
-1.12510557523 -0.104055616794
0.84591943017 -1.48820712529
-0.650008847408 -1.30676981547
0.193014024989 -0.43503936748
1.96199173925 0.2181786896
2.72783575362 -0.194567629172
-1.43902889522 -1.07557435675
-1.36338618379 0.155608111306
2.67247313543 0.316115934342
1.5137129434 0.906512401711
-0.482835074029 0.479233712213
1.61196300819 1.58965474448
0.763965411108 1.56711460874
1.02158765945 1.02225239332
-1.27868430811 -1.42973610021
-1.93041177931 1.14590339011
-1.15286144346 -0.850809838651
-0.728038283747 -0.554782841112
-1.03098513671 -0.940472563467
-1.74050947119 -1.1986840272
-1.71697857191 0.356343050448
-1.14171097834 -1.46498733722
1.87549332824 0.33904553886
1.50729387857 1.55144274726
0.397851442561 -1.71299325675
-1.78226688889 -1.04726011632
1.34390204856 -1.56382890997
-2.47089337844 0.608175024488
1.1874144933 -1.12895062064
2.07173806423 1.19477828747
-0.797049395422 0.165629548679
-1.21761417992 -1.29171826046
-1.51034093745 0.577243971678
2.44254950258 0.678663070179
1.06080888361 1.38281556227
-1.43674350755 0.783641093856
1.9314450789 0.302598501415
-0.755295239995 0.773868881635
2.33004394262 0.608324892271
2.83585150867 0.25823005888
0.33068890952 -1.18361096261
-0.895639899758 -1.54054830009
0.77372905724 1.68645762316
1.19499885543 -1.31545081672
2.68529569802 0.762648632168
1.24014452345 1.04788165374
1.30610701957 0.509079796117
-1.55898104588 -0.247589262214
-0.763863090856 -0.951486996834
-1.47585052119 -0.990197446899
1.92904916549 0.717655214393
0.234112189455 -1.05153629421
2.43042049249 0.263027890792
-0.84509269263 0.833584543735
1.08114749138 0.763379341048
-1.06360991395 -0.242572842886
-1.73248436689 0.390245830363
1.40783043972 -0.0540283358661
0.132219013106 -1.54700820247
1.8699855604 0.119665637349
-1.0104967071 0.390290406298
1.20990886678 -0.744547503999
-1.18737712719 -0.910706011568
-0.741377244762 -1.27874952675
-0.47406382009 -0.305348232567
0.533339142753 0.751629177693
-2.2226618601 0.411995345929
0.753328464476 -1.17968733953
-2.17044475518 0.617288241118
2.02015298443 0.79339492207
2.50761985537 0.620517314703
-2.54216842268 0.451398423286
-1.05723027542 -0.968210252147
-1.51312356522 -0.503000267699
-1.31884704149 0.402684557473
-0.38120654634 0.64021703939
2.12906631874 0.250266294056
1.99492794783 0.505020753711
0.812653402144 1.4366201781
0.580498773348 -1.54181283204
1.13862008141 0.998906299532
1.32086711896 -1.46201333768
0.626789542852 -1.01821217179
2.15473814072 -0.194280296371
1.49459288938 0.488485214389
1.53345877875 1.22359071247
1.44067990184 1.35706691563
2.55636027356 0.308087501015
2.22780052477 0.298208051606
1.32141565222 0.7973716837
3.02676177949 -0.335577498954
-1.32051500087 0.328089348991
0.236615567537 -1.48861711396
0.953903209992 0.704846607487
-2.18272692595 0.97085752824
2.60209258767 0.597527114847
0.145666019219 -2.55797018474
0.0052381367043 -1.03185437837
1.86063736797 0.670254257361
-1.7347071247 0.442510608146
-1.44771683758 0.895052181854
1.08357047871 0.501649922827
-1.20809672093 -0.407131979311
-1.08825416583 -1.09293730789
1.71670579766 1.60053801175
1.63815852169 -1.62653448546
-0.831415876645 -1.08268825225
-1.04026250991 0.919486799976
-0.323207252206 -0.81178021485
0.375054994729 -1.35102210123
-0.710600131121 -0.375058026653
2.95096523477 0.555241841218
-2.22821828624 1.21202697975
0.0769488860097 1.27578920984
-1.36337880429 0.885803807943
2.58708577836 0.203358962945
0.316376038501 -0.728377528022
1.77999615726 1.42994153107
0.696653607685 -0.708113740919
-1.49936435738 -1.55510113976
0.216735792999 0.769231200547
1.11564729307 1.55369536415
-1.49103587222 0.227033777842
0.56012902279 -1.09358770878
0.793394240598 -0.888459085331
1.42697923745 1.48386017769
-1.07123069133 1.17692869373
-1.24829020197 -0.0387623997933
2.6185291264 0.641943514922
-0.698715748701 1.30469231004
0.499952556628 1.36274860818
1.73992302406 1.1626897095
0.386087714804 -0.855249005683
-0.927651823636 -0.810980015843
0.249856661413 -0.985607132846
1.52615872536 0.912401566309
-0.372613530472 -0.796353113749
-1.36389500635 1.05562234968
-1.16293104331 0.489271137207
1.76858126911 1.49221368437
-0.349677516239 -0.772145296507
-1.23511534353 -0.603923308462
-1.19953867263 -0.302766231137
0.385712894246 -0.863037929407
1.36240885705 1.29272936649
1.68745659909 -0.869582944976
-1.29529869949 -0.798212758939
2.86753664513 0.499998272665
1.476689104 1.18621603502
2.19822697298 0.311220476081
0.630189150111 0.676279077523
-1.34497064863 -0.241475124699
-1.61255385703 -0.285874669212
2.8107469501 0.31187445601
2.06084223388 0.984875886355
-2.08276014271 0.585960684626
-0.668839144327 -0.184493875426
-1.8135041704 0.932510298577
-1.40726549881 -0.543389683884
0.348479044202 -0.763353651985
1.33858711876 1.39105435731
1.31086280539 0.659945516634
0.223653104458 -1.08378945743
-1.79562106587 0.566123912199
-1.39784993187 -1.40928523753
-0.941765403699 -0.94088493221
2.46445374039 0.73582078726
1.9285467221 0.270786345874
1.37908916268 1.10934926323
-0.767970392276 -1.18158493929
1.67041204203 1.07893796004
1.86782210835 0.325829184363
-0.892220444413 0.949863834714
-1.84699866765 -0.706009397492
2.72097363079 1.25768903848
-2.48477515836 0.711249004497
1.79406295495 0.79555062512
1.79819594023 0.310024177296
0.315040990099 -1.57024142734
1.72972207232 1.05340973816
1.29890960406 1.10280507437
1.35036232975 1.32776243698
2.32308152572 0.17152378227
-1.35171266887 0.733519560769
-0.120800852553 -0.436768103051
-2.17342631989 0.755858749804
2.03537019521 0.24496981933
-0.00172411591027 -1.04878157801
0.770861505154 1.22653865546
-0.643250680049 -1.57036218823
1.62423054616 0.732904869771
1.04005920623 1.25903324345
-1.54104931872 1.21890520846
0.643359684128 2.11691527632
1.74341732029 0.844509465518
1.38562857717 1.86198130579
0.885627161826 -1.0304857928
0.0999651325729 -2.15220173951
-1.65787812134 -0.360003155497
1.80916979584 0.57516912753
1.75105626514 1.07330962561
0.723856512143 -1.44249114997
2.33272805122 0.360113860305
0.523099536139 -0.877838653784
-1.99375984485 0.625504113298
2.50381441112 0.4743557825
0.437306694821 -1.00128952573
2.63126939509 0.181601802191
0.533449187497 -1.26381025073
-1.38968935824 0.165229836613
-0.877794947145 -0.150581939247
1.23391476488 -0.933640188042
-1.67099925108 -1.08351588103
-0.976135178587 1.09204579848
0.0663751020362 -1.6088067243
1.35832214106 0.844030465414
1.35527019063 1.23066356456
2.39427247837 0.59806055148
0.856094646395 -1.21607036549
2.33538816634 -0.552424653648
1.40386732528 -0.428858326143
-2.25700388733 0.510844469627
-1.23813704444 0.515696711768
1.96045361972 0.368732039111
1.27716154569 0.741221103063
1.20215264899 1.37502034266
1.67994133007 -0.171777891412
2.42567249473 -0.0356634630462
-0.994797241579 0.174684945642
-1.89320711649 0.470375438789
-1.68785491469 -0.132931608214
2.13946588544 0.658727770126
0.598792377316 -1.75577835767
1.52712041249 0.498286169254
1.54327482726 0.786313286203
-1.68898067544 -0.377733036028
-1.70011474505 0.747567661661
-1.91992429064 0.468081369438
-2.49862010057 0.503259368499
-0.848714632139 0.104348733779
0.937088874887 -0.108823377358
3.0223506646 0.0409713138209
-1.36753577636 -0.61990227424
-1.47505410503 0.897804836803
2.97196115546 0.978835309888
0.475408712338 -1.8314118566
1.69607376232 1.52173216533
2.5010298216 0.813074688269
0.312253632781 -0.99136666539
-1.31624489136 -0.322050716603
1.22183973604 -0.966335459541
2.18502863254 0.586260424811
-0.812103289858 -0.531148106964
0.141129269756 -0.618121255742
2.19623846303 0.848729376735
0.912597191402 0.979496275235
-0.986330339816 -0.0915465553372
1.85551075129 -0.593410992186
-0.681167015847 -0.313175825753
0.815761297642 1.17072052212
0.494135089168 -1.94822250476
0.619037456747 -1.91200975609
-1.61791371938 0.274987994021
1.51522459149 -0.308946470219
-1.51509073417 1.21688687754
2.5421689778 -0.262730956208
1.31844340383 0.901931865236
-1.35700715225 -0.306726121002
0.216886364466 1.02954147414
-0.922455959037 -0.539351097514
1.85759014872 0.418704920062
1.72665849899 0.139384549563
-1.56750786392 1.04714905152
0.827007093006 1.65791104775
0.769007243526 -1.13711019705
0.300668595533 -1.45480423403
0.643249122935 -1.02462266087
-1.47036672197 -0.704962589172
0.461477582244 0.913356635327
0.169767370546 -0.535526313487
-1.4668299853 -0.60685464823
3.07821423919 0.801444832614
-1.22215450566 -0.165236908352
-0.839176545302 -0.156980391269
-1.8085518576 0.83605621211
0.155673253267 -0.667390718887
0.351856390733 -1.08438526741
1.99692600085 1.17783566078
2.80665410449 0.105567536011
-0.15287047242 -1.4937540496
1.68512643271 1.58401646499
1.31945752549 0.49045052676
0.361506143124 -1.09245677224
1.49768851965 0.220128055006
1.33579717617 0.982035373291
-1.23670236627 -0.566063276418
0.597372914494 -1.41901941377
1.80371212411 0.516785532476
0.110845563134 -0.86878640176
-1.46282260325 1.15159580159
-1.8082280935 0.833045660015
-1.69716512107 0.819007266546
0.750894177785 0.494462995748
3.05492256193 0.967665680008
-0.300166190373 -1.08794479811
1.53698941039 0.324969570036
-1.33412689119 0.558898892928
1.87575311006 0.046952911079
1.94657974155 1.29191414274
-0.313459026453 -0.72951421355
-1.21934882024 0.528624282744
1.17844541872 -1.06328622975
1.04595418411 1.41429090564
0.58622030981 -1.70506287786
-1.56192857967 0.342559240617
0.792560227082 -1.2754371497
-0.596563874319 -1.76585264403
-1.93285836645 0.387183339741
1.62686612421 0.565524565984
-1.39073699491 -0.73574658764
0.439329720489 -0.767928063958
1.27204687792 -1.12851684717
-0.955975408058 -0.498230997028
-1.41973315527 -0.649256134266
1.56776700249 0.16738024325
1.77241357271 0.86073722933
-2.5451057434 0.420060504751
-1.76187007631 -0.426934994235
0.260037309995 -0.841805666225
2.43936025662 0.662831015513
-1.62860981438 1.00461777086
-0.324451035823 -0.482088671711
0.72013833079 1.66090077772
1.5232170678 0.939145024979
2.33107654158 0.102751853544
-1.46585666098 0.411640814552
0.844753037692 -1.10747207014
-1.55076825476 0.729005990714
1.79716796013 0.497524815107
0.360946634075 -0.750317212906
-1.54229260888 0.324424540667
0.925383435365 0.717364340455
2.87925892137 0.634142255097
-0.060726565292 -1.15342648514
2.60414589377 0.277855177979
-2.02004856021 -0.0392541031864
-1.1525528286 0.0648583956203
1.72725200617 0.263295424379
-0.061483374592 -1.26264952675
1.11849561448 0.817373894015
-1.21778935567 -0.954577548431
1.28143951054 0.630613922495
0.902843570088 2.2615822174
0.859468983646 -0.887707799398
-0.596956687514 -0.764175355862
-1.03529370893 0.512337946824
1.33363181623 1.6462246618
1.08027663279 -1.2796382358
-1.14018568107 1.08581950362
0.943068534526 -1.60242187621
-0.481270908005 0.111396296193
-1.51079436531 0.566414106106
0.92858554191 -0.761820532501
-1.59770302839 0.231794625298
1.03284722494 -1.1060919398
-0.820699519922 0.133979193428
-1.38014281379 -0.108072052552
1.34647952356 -1.15049804831
-0.277669504437 0.00265818814228
-1.39402489997 -0.949366351223
0.757253427094 -0.622054102471
0.710903388591 1.22083868156
1.84703115502 1.1528469021
1.18733105541 -1.37934780072
1.3242601779 0.571039381673
-0.996445877211 0.690114912934
0.706836276508 0.929834485645
-0.88523674772 -0.130799135526
1.50956596562 1.70312027181
-1.23960792375 -0.615711047653
1.2596537822 -1.08244837291
0.402838763931 1.30577739223
-0.423696238878 -0.716330182739
-1.01223747999 -1.53353882991
2.65247298551 0.131132241365
2.36553363714 -0.0473047706746
1.92114330463 0.262514933582
-0.87112167406 -0.910705861086
1.99783946147 0.0627676658237
1.46734021185 1.08909737719
0.554306531387 -1.08394325756
-1.04556383272 -0.628859231299
-1.85662231228 0.98226094351
1.01016735554 1.32158733664
0.525326222507 -1.40823546756
2.13788356589 0.338927775206
0.883340844081 -1.03188578571
1.48794468272 0.194062668533
1.24636329522 0.723042457047
1.78536533269 0.489538232116
-1.23451902676 -0.494405271511
2.10631486539 1.01117659976
-1.23113704392 0.0352902844091
1.71019215746 -0.0547738926602
0.646963589008 1.01447385999
1.44534960537 0.0150044603039
1.6591598055 -1.19693340599
1.73089241521 1.11019399778
0.750145887806 -1.314268468
-1.73644911845 -0.0991163557531
-1.47315032122 -0.399156138423
-0.674165141908 0.94090348403
2.40068417751 1.10109392285
2.194264406 0.740621725474
-1.93183542961 -0.0269600049256
0.679254980981 -0.317669657965
2.32863701112 0.574566067751
1.26856294446 -0.974450771421
2.55042686313 0.928763947731
-2.03519746369 0.738128335418
-1.77683798289 -0.911269365889
-1.3025853005 0.399375312044
0.244216558975 -1.06016968566
1.66254209038 0.948422328246
0.487574150174 -2.0215072026
-0.670585466707 -0.264903350239
0.405368032039 0.958677773346
1.38182405529 1.41372754845
-1.57870434356 -0.280604590591
-2.07566566187 -1.33113112937
-2.1463377547 0.291939075692
-0.87032704609 1.04550853075
2.01971700804 1.1876502805
1.24491317014 0.879292495951
1.18040768222 -0.451327816896
1.55593037474 1.48062256638
2.33377597988 -0.411556805584
1.95026675307 1.18420487006
1.8834842329 0.553165978181
-0.881357201069 0.337723734783
-1.6628269546 0.745409753042
1.57887556808 0.622046478048
1.24765406566 1.42050962695
2.00365377624 -0.108163880325
-1.18343562062 -1.01618461841
-1.16320705254 -0.318435602559
1.5504809356 0.275616115983
1.31488624596 1.51615957922
-1.62356290794 0.631032451846
0.823586850399 -1.23323380996
2.17607463615 0.561648455798
1.67796487278 0.451444757673
0.931415643132 -1.76308137146
1.15239149579 -1.19497290688
1.84718991607 1.82763658361
1.19898372574 1.23661157214
-1.5106955594 1.22072091567
1.55027269355 -0.730822033282
2.72024357294 -0.0617545654685
-1.39950874645 0.686641489032
-1.03897601836 0.4103148172
2.30541813523 0.22626944445
-1.4817280499 0.491394970732
-1.37037206002 -0.307664703221
1.11650157694 -1.32042750703
2.37658660195 0.917930191207
-1.37917268571 0.140285573037
-1.38138656215 -1.04771236742
1.38314707357 0.996559615601
1.63948493684 0.826506885092
-1.46279018838 -0.466226671935
0.921981737911 0.927543968008
-0.0410596490572 0.370259333263
-1.75675913895 0.812468982473
0.556629039861 -1.17771802773
-0.151141736345 -0.907095427823
0.913362338526 1.4282965547
2.42184469736 0.175706405889
-1.19786443965 0.792245960154
-0.944695209927 -0.252074556426
-1.34762094239 -0.367222048185
2.0839742634 0.887969304081
-1.57590814366 0.298199726793
1.99957016185 0.771318388181
1.96876654916 0.830329096076
0.568039271755 1.33220429467
-0.104974307281 -1.21307597121
-0.982854336254 -0.542958263337
0.496991458466 -1.03419102678
-2.17803655873 1.22674375104
0.978170315358 -0.775685295552
1.29712704797 1.11756362761
-1.49001431241 0.770342575757
0.823061121214 -0.659375498039
0.717262115502 -1.46279619801
0.576724497338 -1.36458041898
1.18972855276 -1.42372141
1.22081994077 0.999541836122
0.513301193006 1.4882715018
2.35716395627 0.931978209559
0.524636525957 0.729584385216
2.18467601622 0.415203164051
-1.16370278243 -0.424532646662
0.520238523098 0.593741128131
2.4704020226 0.724349258333
-1.24794953731 0.287618113686
-0.547091012839 -0.737005982625
1.46959945833 0.892864841288
1.68495110045 0.202567086524
-1.576938238 0.121576582484
0.546008106752 -1.55084333155
-1.34142575756 -0.109181638768
-0.337649850923 -0.203418721408
-0.679233254653 -1.01607627066
-1.71860068189 -0.732886526437
0.00473547776229 -0.721518612359
-1.19289466227 0.96503553974
-0.701930915225 -0.798971042687
1.68940433578 0.37877391384
1.17477744089 -1.18638770575
-1.04032385995 -0.603998958742
-1.49932539928 -0.594193920592
1.42966233848 -1.41230645876
0.0440449751128 -1.6663834592
1.80662532924 0.272340466762
-0.516194436037 -0.649442560209
-1.35939469416 -1.3026043121
1.23287154161 -1.47750411318
0.329886889541 0.820583749586
0.346106782242 -1.44955331634
-0.677530980891 -1.30028674495
2.1471283688 0.442076338164
-1.47986550589 0.334710825282
-0.487728801269 -0.362830614511
0.421163209909 0.804730376235
1.98653646374 0.632153160114
-1.89593215841 0.536019576651
1.21191640301 1.09729474192
0.563405604875 -2.09920031089
1.30438264459 -1.19517272258
1.36038890627 1.41337762866
2.2511189837 1.40258991997
1.06656821848 -1.19714832822
-1.38878925485 1.10364035371
0.911410424371 1.13190720059
-1.89999772294 -0.18066043053
-1.29273471846 1.79427160624
1.1371612947 1.22499457997
1.09767850376 1.16805930113
-1.00891885332 -1.84677767751
1.68078592854 2.09978270316
-1.42941520231 -1.076511341
1.49145298555 0.531878022018
1.99274188904 -0.145471237651
2.6371541143 0.733259843878
-1.06571717467 0.014117299189
0.0193711960713 -1.29406619156
-1.780133704 1.30209984699
1.16759048184 -1.85891571644
0.265352202074 -0.974817445527
1.46091829192 1.53538034775
0.736262158905 -1.48077943348
-1.47655633352 1.2027097568
2.08568562795 1.3966116565
-1.7278413469 0.529014444292
0.933492419085 -0.538193077798
1.57843611744 0.670040576113
-1.78202764186 0.852234311898
-1.04715440512 -0.0297237976052
0.442363528121 -0.999589562254
-1.38974924292 0.610972977361
-1.79588430265 0.890066557861
0.964047219688 0.789477588708
-1.03300475614 0.0974355941143
-1.23512932936 0.774975413693
1.10994238887 -1.56839570175
2.18884015422 -0.119179850348
1.3610627076 -1.14250418619
1.80817833163 -0.10425316313
0.95338174682 1.41293593754
-1.61780567614 0.866965099376
1.85528049815 0.0810038102452
-1.74125726548 0.000315393072604
-1.75092814383 0.883234514574
-1.34302107991 0.934773318174
-1.37621413068 0.812705484885
1.46835162223 0.996326300574
-0.267591186918 -1.39380380805
1.05737165637 -0.795970387871
1.959075209 0.353213963878
0.829402222518 -1.00747962771
-1.13999668709 -1.18353071068
-1.74736167132 -0.158222716007
-1.26110439271 1.00053090293
1.94256231666 0.0014435593071
0.970864184923 -1.21000784095
0.806574899738 1.04144217268
-1.37046606124 0.377355088491
2.40532656757 0.368002615341
2.51026000139 -0.165014859912
0.737757673141 0.464603765829
-0.916467359396 1.20752851464
-0.58148784141 -0.132153643652
0.992000261679 0.816800464768
-1.34061987331 0.568774551762
1.06910892775 0.905422425684
2.71797708281 1.26119626644
1.58062728263 0.305331859285
1.29528128041 -0.600015522095
-0.600602493474 1.01274221295
0.048559277678 -1.40064481646
0.309680053951 -2.22529915982
-0.630698341044 -0.828277115477
-0.877433319931 -0.699766715024
-1.10419556902 -0.113500807256
-0.882823351612 0.0453196694429
1.32720753323 2.11371674147
1.30718274856 -1.92451230656
-1.40499383619 -0.491065154986
-1.25753974297 0.559405814553
1.03937020728 0.872110388457
-2.62157108434 0.819496443521
3.41704460218 0.316674191718
1.27460622169 0.812514816055
0.205356110586 -1.2834880499
0.735413269879 0.95783561645
-1.05534963658 0.031198016259
-1.19185366057 0.674797496137
0.973222118455 -1.02992979069
1.66793916356 0.421019175529
0.268856222471 -1.00282579378
0.209687024619 -1.56778631486
0.686713532187 -1.45321976371
1.32772820397 -1.5375881563
-2.0967085985 0.602060701703
0.616591170862 -1.67128753251
2.56045735633 1.00718604251
-1.33794183268 0.98059921984
-2.18740796034 0.629828655313
-1.64510406262 -1.12762947714
3.26042889539 0.808460362372
0.473620879131 -0.988312075804
0.692991401806 -1.15649671698
2.19987664574 1.0364061274
0.391343462931 -1.00037243568
1.88397653061 1.08865215476
0.575512063142 1.76737669422
-1.39179878844 1.48794650375
1.07503140881 1.55267237023
2.09713589809 1.02534601444
0.24788888795 -1.79132759542
-1.63508885988 -0.499079713926
-1.14936602009 0.950392911859
-0.625958954019 -0.591646506846
0.6824131515 -1.00815159951
-1.9278685045 1.07442806845
-1.50811352467 0.855441300141
-1.07724201903 -1.36637541525
-1.6520497011 0.324059496138
1.09053118309 0.929433852744
1.10831155752 -1.12613076295
1.40243146358 -0.449322443326
-1.6457078425 -1.05996198905
2.9415940007 0.792516852719
1.81958707523 1.34375755489
1.55927603214 1.03513586127
-1.93924328845 0.918774737904
1.40346416301 -1.01792538427
1.08270872364 0.877987242758
0.260437142706 -1.39990662871
-0.535801329521 -0.76590959933
1.7058957536 1.36405574729
-0.603441891401 -0.352455478752
-1.22722919754 1.2962729578
0.08330587256 -2.3134788327
0.216653383885 -0.561941145858
2.631533408 -0.0258102103492
-0.982152177066 -0.256936060751
1.25292550071 -1.56158128495
2.43626329925 0.264723611042
2.71111618398 0.0193400260938
-1.44999042853 -0.817703882281
2.8115641011 0.51508626527
2.6597562348 0.941860946216
-1.97486287225 -1.34092977287
-1.34737051694 -0.712900053632
1.42612255042 -1.20531954075
1.32817499022 -1.36267562334
-1.38876236711 -0.78719727693
1.89132481729 0.435704678473
-1.86552141935 0.646966133014
0.73321056975 1.22582412069
1.73075652601 0.859678946312
-1.12406286948 0.856472024531
-0.774879856813 0.716108645199
-0.464315464941 -0.458928364634
1.68559273257 0.918543054034
1.38678978856 0.824409843053
1.97010998414 0.564324394546
3.0577077062 0.483256482359
-1.20503713965 0.606491275448
-1.40122215279 -0.413679111764
-1.51987846487 -0.645969541563
-0.553749299125 0.319667594316
0.580893026829 -0.983111581264
0.985555096948 -0.993831703155
0.793601399046 -1.19100593827
1.47973678611 1.0986269391
-1.58276668734 0.801901112647
0.870182068752 -1.32626774987
1.00806933209 1.01898992368
1.43359210754 1.65999079214
-0.982357573318 -0.202666475097
-0.713509061861 0.986422583221
-0.885521093299 -0.701141330837
-1.24488714029 1.29476715972
-0.20122103701 -1.40394514806
-1.29999729869 -0.757641214542
-2.05665663087 -0.213977135039
0.233997417988 -1.20305626037
1.27979573604 0.710020291539
2.23447773648 -0.0132805078723
-0.147260445338 -0.78616982405
1.30865167813 1.32596342677
-1.39412920996 0.585100293634
2.79913668449 0.9203568094
-1.41118286562 -0.883479146259
-1.08734744612 -0.561676262831
0.770299894186 -0.569459611039
1.18409062241 0.203505838393
-1.83056563237 0.299381586295
2.38723874242 0.00588784758758
0.383055128392 -0.312418177487
2.6435504336 -0.0632040562427
-1.47390909384 0.36494935327
2.21364151396 0.645892255796
-1.14543045344 -0.616414220269
1.05451163059 1.6150455299
-1.4589135291 0.490121464121
2.00583982043 0.530317639236
-0.436312677107 -0.501990785642
2.74594326728 0.49114991018
2.21232662366 0.867086928641
1.16488344818 1.47850705224
-2.17142517732 0.567401305335
1.08277523684 1.29503270699
-0.989403391056 0.998870455193
1.30042815324 1.03147912027
0.18913217764 -0.74679009361
0.880932094155 1.19250359039
-0.83750087394 -0.996313359566
1.97264283889 0.268028579226
-0.98247887588 -0.806384968888
0.0852845173666 -1.18827587388
-0.341744999435 -1.35477469147
-2.55630954871 1.14974528086
-0.815005973863 -0.839328205288
1.23350530629 1.38490859988
0.470302288228 -1.00899998351
-1.62026259109 0.640592006605
-1.32573205019 -0.481837166624
0.522840526128 -1.06159501852
1.04013210527 1.82297494335
1.35122808645 -0.154931918352
1.01360407915 0.780498687664
-0.470700464719 -2.0081441909
1.83243522711 0.131675976721
-1.38078300214 0.150424924869
-1.89912443582 0.190586542679
0.832232710882 1.1908562712
-1.38173947293 0.964084237358
-0.382015148745 -0.661312844083
0.650225242589 0.716903950279
-1.08272882391 -0.682558081329
-0.84226951686 -1.09355172244
-1.57114909635 1.23906258136
1.33391512105 0.0639099045168
-0.83962106889 -0.894191391315
1.12534385724 1.51064939983
-1.65068210466 0.424012763472
-1.26307606425 0.483164007138
2.59616704202 0.46919959327
-1.90312488561 0.5733818292
-1.74926895222 0.754790966888
-1.47092182395 0.270014559991
1.50465684393 1.00806055043
2.52010747049 0.189325034179
1.12843741736 1.27994882478
1.38931306402 -0.757404038564
1.36408517736 1.30519552141
-0.421933614405 -0.817460974889
-2.3573027291 0.814668411217
1.5760919073 0.477468956569
-1.56770010717 -0.266138989843
-0.296904230144 -1.90494765493
1.43748086466 1.51484710536
2.25635920005 0.947300311072
2.0625310005 0.342504073548
1.30074487859 1.22520404382
2.40422331441 -0.0426666753578
-2.03933343452 -0.191684052395
-1.15719720062 0.93881146743
0.467829669842 -1.47710039221
2.08841883189 0.711181067351
-0.0979178077566 -1.13101287099
0.669605943939 0.949288945502
0.563932090512 -0.766490736349
0.614468983759 -1.95723220887
0.211672737778 -2.3889615525
1.04705813127 0.598463786354
-0.628360983596 -1.17217053979
-2.23041203323 -0.999451026561
0.938003721133 0.464032001012
2.98679273786 -0.970838535214
-0.861500068665 -1.19271514786
-0.823277058216 -0.624232481995
1.86824041036 0.238399903546
3.10680372936 0.498462847662
1.06460870955 1.45466041961
2.12939778042 0.781966620443
2.07832535365 -0.0252247045953
-0.326409640794 -1.15664949354
1.60202725843 0.983847007162
0.623083628522 -0.884647286437
1.32575125023 0.19857919916
1.92216876883 -0.982730512663
-1.39429752316 -0.612261187449
1.05883416629 0.905889589936
1.14384690095 -0.370288884463
-1.07598118691 -1.18024468718
-2.53495354983 -0.232208409142
1.31556108544 0.697905009983
-1.54230155554 1.11787086589
-2.11201707918 -0.981673929125
-0.300296800425 -0.797243579325
0.481795921527 1.39858527479
2.7538134761 0.342254676
2.36966337343 -0.488063668525
-0.576299475916 -0.67327330803
3.1470461128 0.495336783242
1.25009588723 1.38985539033
-1.18966935846 -0.0892657845837
0.427851535796 -1.49345417
-1.76890482702 0.622466466292
-1.94638479676 0.631256367942
0.5337890965 -0.840578371767
-1.362901627 -0.427013785334
0.867036210325 1.53509796014
-1.50437334379 -0.822168044698
2.91252554675 0.39786065252
0.0949844592678 1.20070775889
1.95836014748 0.0769932922266
0.654452234683 -1.47943751381
1.4321052968 1.30637952737
1.92286848168 1.87511756715
1.79669926758 1.2842583578
-1.72455128777 -1.77560201077
-0.805007812351 -0.834994412955
1.69004671005 1.13188678769
-2.04156149449 0.575346711754
1.76663517066 1.0268744199
1.05627266556 1.30495675931
1.37344378293 0.391353456362
1.13674314015 1.26579154169
0.918360764992 1.38852620057
1.68223169686 0.981788534665
2.27623845564 -0.163620637276
0.41147136602 -1.68345275568
-1.23397695197 0.021988155967
0.777645888099 -1.56491131052
0.983803937214 -0.944043592014
3.16215946642 0.932878356633
-1.42863089126 1.15368206396
1.70031591421 0.999088057847
1.19499618583 -1.8825437631
0.978704592927 -0.784642179269
2.27268846265 0.686831314241
-2.00059401395 0.795669595079
0.939639500393 -1.04844653339
-0.710105747769 0.479970224609
0.860025358882 -0.463967991634
0.587590872443 -1.69060077073
0.866577874815 -2.24196217541
-1.026104861 -0.730312173524
1.73047900144 0.24807785951
-2.41321671789 0.327181263197
0.883517471272 1.57002828985
0.333579364844 -1.17287689164
-0.885253329413 -1.37229495346
1.93157625557 -0.14246165721
2.58134148056 1.08963282018
-1.14475034071 1.12083169606
-0.957339691404 0.165733460347
0.978407956671 -1.02801620515
1.86039994933 1.23329558091
0.622946005361 -0.634457260524
-0.952732805949 -0.159416170493
-1.05375495014 0.932246422874
1.18330181951 0.544011774052
0.950610183644 1.63732094777
0.642626050506 1.25585565071
-1.34306042632 -1.34660770185
-0.368473715787 -0.913833829051
-0.705330389979 -1.13603284357
1.92069493919 0.716980745321
1.93269894939 0.435555445608
2.51444316752 0.524027871994
2.44565419668 0.580087410977
0.39065201669 -0.491605436276
-1.59343570136 0.689832564117
1.12328536155 -1.33685972193
1.34326187594 0.655008309658
2.28502163157 0.397746149926
2.21463937981 1.12371639405
-2.70820363752 0.0185009009563
3.14667503634 0.514852916792
2.00312535109 0.0608192539596
-1.30719467029 0.326221637448
0.974461706203 0.843244787782
2.45965907051 0.277532709019
1.19439306531 -1.49705207493
-1.13417646023 0.693845742169
0.361351685404 1.2129878253
0.840022611132 1.15648317059
-1.81162846201 1.02811924856
1.02389419149 1.61268843873
-1.82199434794 0.889203685112
-2.26314546584 0.744969636151
0.938236311952 -1.26718628651
1.91827589776 0.401386967658
-0.775592237859 0.0860166506677
0.764460284758 0.793632459686
2.61066444022 0.596926881723
-1.98214025298 0.667371341169
1.12875829535 1.21857331498
-1.39028015635 0.701136105942
1.43231065942 0.91519563358
2.38300619185 0.218723134531
-0.639077622623 -0.899988046234
0.677451434181 -1.50812809686
-1.12800101988 0.380850990834
2.28332342774 0.495254497432
0.143056860989 -1.08180971749
2.33103668697 0.534535124768
1.28477793711 -1.22734824528
1.91647252853 0.665693649197
0.813360767924 -0.986825629392
0.222190828738 -0.388093525885
2.08277871922 1.10106460329
0.880501173579 0.845455944411
-1.65885606711 1.22941192638
2.40139051683 0.562448319693
0.124196355017 -0.911534110387
0.991366106258 1.88571039822
-0.0564265726612 -1.00507097526
1.28651073393 1.62278236352
0.682104368478 1.4011998967
1.3365759072 1.39444536339
2.48137461166 0.642692690504
-0.920227798782 -0.953483458473
1.53371432744 0.796171606792
1.92728838261 1.03822167713
0.639672628995 -1.23378889323
2.36445143415 -0.0701576316977
1.62204209707 -1.35664210812
0.916457573965 0.404374598862
0.770794450885 -0.842990173609
-1.14910275612 -0.358557040023
0.690150536617 0.979232353529
-1.12756814616 0.116012816838
2.91695085372 0.967763123553
0.319643138978 -1.19193970794
1.39344410064 0.422779317047
-0.992072028714 0.151946707724
-0.763629220772 -1.38255119067
1.61028030795 1.7970033528
-0.761940229507 0.732737812836
0.15978437948 -0.929438315962
1.78514798553 0.974204697773
2.23701947212 -0.341982573044
-0.159741150542 -1.38862064015
0.848810488013 -1.43795601066
-1.65850449055 0.907827259399
-0.674015349987 -1.03216212535
0.690990443542 -1.52922564639
1.60336534179 2.15330310901
0.984415942736 -1.11675769183
2.26881920857 0.668281747571
1.15829030177 1.75632375407
2.3150231618 -0.649282799905
0.790286499338 0.339722349406
-1.08015988665 -0.934343591632
-1.39399110246 0.578062768608
-2.24502447683 1.422149217
-1.31536416961 -1.37032815682
-0.617190899288 -1.21079256537
-0.857593009727 -0.717295572658
0.624236068637 -0.294792499547
1.71533066736 0.382882583732
-1.48720231942 -0.24194725618
-1.308759219 1.00237603102
-0.0479802465684 -0.841481180768
0.250110202814 1.40625627378
-1.00289575328 -1.1048518665
-0.701753199161 -0.539874258683
2.27669729648 -0.0229778739266
1.2478257273 0.339991582662
1.55543471225 -0.996221196974
-2.31213624112 0.722159593453
-1.00786974098 0.67927466184
1.32807707834 0.833570066691
-1.52298923956 1.45412170942
-1.1204375168 0.0199347086397
1.04816721092 1.38735239814
-1.84682982953 -0.754122467272
-0.136594936665 -0.787306056156
2.21199610342 0.144471300994
-0.506445072413 -1.20214105575
0.670605606978 -1.39800333306
2.89829676448 0.260635017558
0.551729670332 -1.32508727054
0.538239388683 -0.985173300465
1.55270868561 0.612925769916
0.227682106641 -1.04316180098
0.799128418616 -1.23624948542
1.21852855253 -0.483207097855
1.9895106152 -0.518602976431
-1.44413559756 0.31747306201
0.850991706345 -1.29240464998
-1.56378575476 1.10584222794
1.09276207592 0.582575282404
-0.734725848738 -1.07724427354
-1.60567139321 0.567885631154
0.681392946198 1.07083892282
-1.04222477617 1.59348908042
-1.52572759394 0.320892687066
-1.73912992544 -1.26953136391
-1.19460964909 -0.505747519002
2.24318238271 0.391079431946
2.47803526813 0.475603483635
0.17786777921 -0.942198326898
2.06137908597 0.336041263673
1.12060983501 0.23474105793
-0.695643934809 0.766467815024
1.93866716575 0.0844968511275
2.12103265663 0.433216827669
1.21205787631 0.151737214697
1.99311498651 1.33100514069
0.675561967769 -0.332932269579
-1.03575399286 1.17250394874
1.89841894913 1.90165006091
1.99178527719 -0.760899371272
-1.51381367156 -0.884239217699
2.67419588829 0.37145507277
2.23214914299 0.936252897214
-1.80186722299 0.358068531615
-1.2910371197 -0.881953590483
-0.905242099667 -0.270357819282
-0.10721171395 -1.31463217289
2.90887488316 -0.110756524755
-1.16273109481 -0.583046964955
1.16738841039 -0.77600940489
2.11121972646 0.201621596817
0.566562341035 -0.903018867605
2.24479141205 0.738969014508
-1.60202136512 0.599266970761
2.3514180581 0.795397152833
-1.73475792571 1.25308303713
2.06574203764 0.370978544181
-1.9714188561 0.560348511734
-1.85415159719 0.956011173679
-1.27391910162 0.462231546142
1.10429494157 1.28540650964
-1.63440252853 0.752658724553
-0.652828213827 -0.471185106085
-1.87247067053 -1.90330056886
0.0155766594242 -1.2765977958
2.01429449703 0.40820877066
-1.74432851828 0.633107624405
1.04624763859 1.45805369163
1.63442745085 0.209073055665
2.37318812264 0.862309988377
-0.523735899625 -1.41384109766
0.456092668285 -1.47688603086
1.02394636943 1.5654152251
-1.54428567697 1.32559563491
0.247780629273 0.415904924483
-2.15779566417 0.485035217746
-1.58312621505 -0.580452390281
-1.15685009101 -0.805577274193
0.664427608021 -0.733955292117
0.713235089218 -1.4645867787
1.15679469017 -1.17724050761
1.81086472398 -1.34275933468
-0.945688210627 -0.139259242371
-0.999582532932 -0.286605131944
-1.78717664481 -0.711176848746
1.0543952301 0.483911989698
-1.14024924826 0.443304343142
0.875418020169 -1.7863698807
1.33833303006 1.16687215892
2.07620740223 0.884169067425
0.65863104008 1.21973324879
1.16071943758 1.02438130876
1.60747175439 1.83825071358
-1.65698370958 0.305685348041
-1.572281824 -1.24737206813
-1.37578421246 -0.622461420981
-1.5432025864 1.00212003576
2.56842386586 0.770119633554
0.549007129769 -1.84569624959
1.13595709942 -1.04638813616
0.601737841825 -0.675774463286
0.868865499899 0.890777622589
0.855380921106 1.11797204763
0.318353722764 -1.150577371
0.942207913304 0.691272741591
-1.07266594795 -0.499020507654
-0.820323564675 0.813575137197
0.88024199251 0.947196079834
-0.973488551443 -0.0640569981833
-0.98635100007 -0.351460994856
0.988134889024 1.6988644396
1.20527455444 -1.25782244297
1.66562223943 0.744952602582
1.14937170503 1.25684934894
1.74232288773 1.63973484721
0.581034160899 -0.297344696672
0.346632684001 -0.414194047647
2.84585428506 0.52086408796
-0.698840984004 -0.619312982642
0.211011585598 -1.26185049207
0.906593864542 -1.70305869123
-1.75586504463 -0.105453599193
0.452678275583 -2.03086630294
2.63700273594 0.224731762105
-1.76378836013 -0.97612113578
0.899276690545 -1.36471225655
0.806450953278 -1.67537236019
-1.27064612174 0.454875609791
0.578843977261 -1.4837583214
1.33174457017 1.50010053411
2.47052738196 -0.202427836848
0.574398923503 -1.921469962
-1.02772704485 0.176585500167
-2.00291652477 1.00987637676
-0.841033248618 -0.38939458213
0.452684301709 -0.858045526088
-0.45956091379 -0.78663002641
-0.602732099775 -1.23532232412
1.72701492756 0.898465108066
0.670081881284 -0.879550807248
0.173907417497 0.888971108048
0.867721494315 -1.51102361851
2.25727645266 0.425215053692
3.00127877886 0.254476848206
1.88273439041 1.22393927306
-1.05984306743 -1.07084597697
-0.0222627952714 -0.799828816018
-0.542485292544 0.13425428168
-1.34928323382 -0.0284648084459
0.935980850182 0.867748796723
2.18331609039 0.759120276918
2.30063433425 0.521502805978
-0.169778854483 -0.173446490595
0.945136301797 -0.00362630615222
1.4518250964 0.567470402316
2.71348995503 0.488612819064
-1.27354844733 -0.563747327808
1.7520047236 0.557944719579
1.92234587793 0.444355636501
-0.668127316558 0.440839308595
2.32495596352 0.542893624422
2.57295414582 0.0458274413211
-0.859845677785 -0.640751290751
2.31385102483 1.30020168942
-0.515502266813 -0.977969708278
0.714986723166 1.16851560852
-0.914655797099 -0.827620142678
-1.20278864931 -0.667001770313
1.9355985047 0.0203494146383
1.13844898771 0.463840942376
-0.937458854828 1.36077147006
1.29278698131 0.536932577103
2.43376811901 1.25991825158
-1.27359684953 -0.467864518108
2.24326096169 1.05102935299
0.424655806123 -0.99021395087
1.43493415078 1.13524810922
1.23789939031 0.55331978938
2.09440345323 0.420818918469
1.06353609988 0.718012563691
1.93482419866 0.59744204041
0.914845024192 1.55015550254
-1.22264025723 1.03781310318
-1.84476681289 0.326561595117
-1.81980671279 0.978874703707
1.85452239303 0.507703561955
0.750202080939 -1.85222532052
-0.0346118809968 0.556288861883
0.411414716827 -1.02473354861
2.61696416683 0.635529499602
0.324136867337 -1.1826353363
1.06251585622 0.915130637567
-1.34398369552 -0.646461485213
-1.36130752528 -0.333414373406
2.20309134091 0.321118276247
0.0276054853611 -1.19862114823
1.2516044791 -1.71769469089
0.638065606806 1.48525528628
1.68170152486 0.828695511434
-0.102425109038 0.0412544743776
-1.81996802253 -0.521546479052
-1.77691605718 0.622441284363
-1.83212261632 -1.0989459402
-0.933348031591 -0.936607265119
-0.893519252075 0.126102819999
-1.79773972461 -0.723174396559
2.51473627994 0.724172512858
0.64858121267 -0.0766659846982
2.13572545067 0.728228935758
2.04742216597 0.768842820411
-1.32874770255 -0.705573721523
1.14368675711 1.35023199566
-1.05646181492 -1.27246417475
0.411571098717 -1.08626179597
2.08046010847 1.41739935368
-1.87646955067 -0.0175523139236
-0.420127167138 -1.33708807206
1.18259054297 1.43301146375
2.21415362895 0.652376270306
1.73556643455 0.457707365373
1.76996832041 0.818237354445
-0.598998066873 -0.419095970339
-1.72459924711 0.938599537826
-0.624861765947 -1.24170665864
-1.30995078664 -0.474665408326
1.21375307085 -2.08627569951
-1.38612910691 1.06690967769
-0.520543849332 -1.08647618961
1.37384760059 1.63462187977
-0.865326750628 0.439379571162
2.28558528079 0.809868886775
0.579852313101 -1.82706736689
1.27676424234 1.28486384361
-0.172197365502 -1.21504710395
0.126025168721 -0.567086360936
-0.714781596842 0.908555831411
-1.16862001441 0.308723109074
1.53786052825 1.51188129418
1.56116594742 0.748030198242
1.3203828973 -1.87427838963
-1.33830304344 0.357496109809
-1.85781211421 1.24400720242
0.458609672922 1.0691477611
0.9012960566 -1.57324024706
0.106060246818 -1.04238812716
2.16981572498 0.69424212255
0.572081507316 -1.53076952966
1.49232452703 0.728065037874
0.531490844573 -1.27823421277
0.821191213368 1.56937832835
-1.59405357828 0.99966964986
-1.375065327 -1.30026658124
-0.534641355762 -0.677949838411
0.299403191266 1.3503103467
1.52148922489 1.16605280652
0.478289160831 -2.22138079045
-0.386118041825 -1.14801256932
-1.7453769128 0.789692890298
-1.76266046503 0.165629889225
2.3354989739 0.813891107728
-1.56554722549 0.531449332217
2.37700265937 0.348575126891
-1.31132751577 0.587697489664
1.12348557261 1.47142082767
-1.05758669044 0.556158341304
0.912083618363 1.5553212959
1.13034437486 0.878974228292
-1.1389762196 -1.44034782057
-1.0558843487 -0.619990404549
0.0437779898954 -1.61649184746
2.50414982923 0.372168055365
-1.39706376605 -0.926883235667
-1.84962537639 0.414816283003
-1.7399201725 -0.291311078341
1.7516838074 0.588591419967
-0.933139171133 1.39844101128
1.80368689459 1.01390423684
2.26550602987 0.130209171814
-1.1738018784 1.37269020529
-1.05599635049 0.5853267316
0.422035150756 -1.53833610427
1.71007491258 0.0506945460018
-0.335198187077 -1.26946320266
0.304710643127 -0.53836161916
-1.57279122163 0.868414149104
-1.14530209061 -0.563342724419
1.35845018402 1.53087183747
0.387982790624 0.478524247397
-1.17057953434 -0.625117386117
0.582949713966 -1.22607054768
-1.21661322898 -0.566723163666
1.30827527205 1.06958997894
1.76866693919 -0.227645425776
1.00493807157 -2.02699689311
2.39060734227 -0.298384548992
-1.70339786842 0.332936015333
-1.16661687014 1.07630594481
0.89023147154 0.680554678609
-1.18084278514 0.906776037738
2.6022991569 1.50459926315
-1.28013258451 0.506888948943
2.4194807571 0.434096706468
-1.17541608225 -0.856546802696
1.20498199577 0.849120574085
-1.13713318035 -0.683265628429
-2.04619394409 0.753856734742
2.88387912688 0.62132811223
-0.417114990086 -0.881809068285
-0.190760991083 -0.977080052679
3.39544525517 0.299695103296
0.659639870128 -1.23087439342
-1.09699092887 -0.326887944116
2.06922790655 0.596985056619
0.781864550694 -1.44581148571
0.846561719275 0.504330866743
-1.37995021378 1.67724178343
0.553869414928 0.590741138429
-1.88073316122 -0.978699012106
-2.63166035771 -0.535180714831
0.625342457569 -1.41643210906
3.24797645447 -0.0255280313861
0.278846846545 1.47822479295
1.97789831291 1.4890320083
2.73374370821 0.0586999217692
-1.93212884367 -1.63753975864
0.984832848816 1.2045259205
-1.67953401719 1.16677238299
0.288596828414 0.927959320815
1.13578540892 -0.866351703429
-1.45282244176 -0.883621555877
-0.932648297838 0.252751774629
1.95150652447 0.457132835739
0.683101870272 -1.66523514854
2.02125291489 0.342738980252
0.444869498464 -2.02291351692
2.64181463728 -0.00120581327994
1.0387679889 -1.28001011959
2.49823886114 -0.249402786675
-2.1922977253 0.106045460751
-0.850519586179 -0.458879132371
0.789113217096 -1.34054319546
-0.909262739728 -1.17405468864
0.743653105891 1.01887641408
-1.91482442578 0.746603299291
1.20854523006 -0.798395258067
1.05697065669 1.51932656591
0.238420650217 -0.943282170277
1.23538947643 -0.248936116995
1.99213836358 0.923237311848
-2.22036685977 1.12281772412
1.05903804912 1.16468987733
-0.995481988331 0.492670093203
0.482974152309 0.486827266387
0.670241281125 -1.31986026324
1.30309158026 1.65831997917
1.41583409767 1.25270438389
1.57062888225 1.34599968019
-0.691406703475 -0.514595806886
-1.59856892326 0.83925208002
0.910439399784 0.962946690077
-0.222465379185 -0.375336353786
-1.47525976094 -0.567324044281
-1.89233206251 0.957974382036
0.768973307754 -1.50135445991
2.14805288154 0.571971799298
-0.436687865673 1.2058119195
1.63941261453 0.351359970072
-1.21421897772 0.467962409215
-0.204607541237 -1.21652716226
1.47539505276 0.719593863856
1.14818046127 -1.07248550032
2.46283910584 0.824142962035
-1.64206728394 -0.00436543229773
1.54313409474 0.959225812459
-1.38340619874 -1.21823274779
0.819968058269 1.74150407777
0.0734826305038 -0.981016483659
-0.556301961966 -0.517956195848
1.14803503736 1.23442528299
0.504045824224 -1.0945052894
2.41357088852 0.419810701314
-2.17241056376 0.674084632455
-0.992540106245 -0.513028848059
0.709045606841 -1.26982597032
-0.442878958317 -1.56520296101
-1.12834780708 -0.917271161968
-2.57563866806 -0.9831996005
1.90923707779 0.358862841404
0.32086213582 -1.12344968413
1.02229024 1.32538664117
1.46712968361 0.642425148329
-0.397794850438 -0.988174151685
2.12372897136 0.118438676189
0.942358207261 1.25909483776
-2.10565179937 0.613669727753
2.19680572136 1.29934599847
1.03403761322 1.32975347913
-0.765701392196 -0.57742322861
0.538303056175 -1.27228648703
-2.38327038139 0.632156393566
-1.52767180798 -0.924388625681
0.694322736977 -1.08936935019
0.983851176932 0.770909027295
1.86848819296 0.771217959419
0.263059895051 -0.366421205916
1.33726544669 0.720352077126
-1.76825750193 -1.13178008426
-1.01150729393 -0.477248949323
0.988186308027 1.13593170072
-1.02234582417 0.751853233108
-1.66309486112 -1.06928202754
-1.67769474082 -0.420752220633
-0.852715617993 -1.27043091277
2.0390823388 1.96227533153
1.26059798623 1.12906304844
1.75810881551 1.03769732594
1.48774123189 0.215646707
0.933809123381 0.890754314124
0.453630930424 -1.226228447
1.84866382548 0.629820596665
1.14834167314 -0.690385996295
1.92313979277 0.862876288314
-2.03028593166 1.40027706641
2.66515477846 0.488008337715
-0.889620765578 -1.12351150084
1.62853615858 1.23027436789
1.13475581677 1.04740882403
1.52736718183 -0.969738298809
-0.600021935892 -0.0962071178503
1.51484441036 0.640949998439
-0.71618856209 -0.680324846108
-1.62132066356 -0.534106043583
1.9707563816 0.333906392672
1.45517445063 1.45393509167
0.711417989869 1.0665275334
-1.82765712651 0.452316525208
0.110473319761 -0.84390076405
0.745083499614 0.292941883583
-1.42698706272 -0.508559111827
0.13277903394 -1.74323382399
-0.317969367692 -0.499583799994
2.14459591599 -0.00360883550612
1.92617253678 1.04869812362
-1.15759841478 0.185027127544
-1.27465902997 -0.0640575870032
-1.54152498342 -0.136277306781
0.820151617639 -1.65484218962
-2.08696275449 0.281411819976
1.22465694873 0.946817241197
-0.91590809333 -1.23347686889
1.33102304774 0.587444793333
0.155878612327 -1.30891900046
0.787167438373 -2.18921321826
0.675296199109 -0.919858150451
2.58454664046 0.310294241891
1.57440776055 0.950901268336
-0.824056127431 -1.2487986266
-1.13970773819 -0.126696685682
0.645779451292 -1.27446249159
-1.2506255528 0.221311354598
-2.3969538816 0.585885719434
-0.921466705342 -0.948074608558
2.42617963238 -0.476755515551
-0.925489460894 -0.101482905452
-1.25123736435 -0.339023550441
1.35609983405 0.923718833307
2.18173894116 -0.0553311111187
0.320001614704 -1.43440114763
-1.29500114721 -0.163259142694
-2.21759076031 0.277565852203
-0.687270836604 -1.22717122226
2.86758874327 0.287610802328
-0.507920599786 -0.476198599149
-1.01017971174 -0.808086827942
0.590836075838 1.52696811909
0.567809661163 -1.02596652304
-1.27880498797 1.30018690777
2.22947428562 0.650867318027
-0.697014133443 0.862744426403
-1.35692658333 0.769425685916
0.274306617869 -1.13853047723
1.95388472435 1.64804496572
-1.6447783174 0.408623298585
0.427208975939 -1.4755655641
1.64523522387 1.47114910828
-1.05650107206 0.455304245857
-1.31615667086 1.33466423859
-1.2484016538 0.495964177285
0.707093692973 1.19159072311
1.78504203266 0.828129429765
0.905707215669 -1.62265390437
-1.85059894908 0.336235065073
2.39902136758 0.405598908429
1.93420088603 0.0735037640907
0.404952687494 -0.72047158923
1.483950585 -1.65575939715
1.11171134282 -0.502220248168
2.41093865328 -0.302295961281
2.17417064171 1.31813497645
-0.560212741094 -1.11870708714
0.510097010688 -1.91422919408
2.6009287052 0.261921290001
0.0399133999343 -2.14540527501
-0.685804633976 0.720311994091
-0.699577739329 -0.307785316592
1.86664069226 0.187998041409
-1.19985328901 -0.991801395851
-1.11431786435 -0.130555110745
-1.57553284871 -0.449725640926
-0.665492382024 -1.58834078146
-1.01298244974 1.47597932717
1.84759432177 0.578147091868
1.09338819939 -0.74772088556
-0.557356579896 -0.608031747422
1.5544923029 1.42123590554
0.208534008979 0.882587929919
-0.198809038118 -1.66972353826
1.55771728288 1.18538633357
2.67648040013 1.46531259471
1.47278275068 1.70584986993
1.76614460733 0.62778877151
2.53336158216 0.405244272837
-1.60190589908 0.232408089613
-1.84377141217 0.77332535666
-1.93848007066 -0.623459924809
2.6138421206 0.213387142755
-1.46354771017 0.476080064054
0.881574880214 -0.914450361844
1.09263244192 -1.63426441786
2.17943615966 1.15630977789
-1.13878926145 -0.136719316941
-2.01315209216 0.90334079812
-1.69994520443 0.999649455702
-1.63908780979 0.551048119143
-1.76252506787 -0.772148771251
-1.29707479206 0.354200721629
3.127422973 0.42468070523
0.571967533554 -0.625817397
-0.884294758747 -0.313085571401
-1.3227309795 0.498721331215
0.964246212741 -1.06660876424
-1.69631267042 -0.83096391129
1.58430980174 0.701764052527
-1.0803788916 -0.525443225653
1.35479919457 1.48492693213
-0.770364181571 -0.979327537984
-1.65829853229 1.17816477354
-1.66207986576 0.560904475205
0.958143740982 1.08922967286
-0.964049238945 0.125615802557
1.73678589618 -1.50051961816
0.979970246155 1.63412252431
1.97456921075 -0.202736781623
0.6055868603 1.23643828843
0.547117724089 -0.491466378977
2.25612527673 0.207078774971
-1.08554992918 0.484786852646
1.33044019764 1.21655931608
1.44279988427 0.846222262986
0.180504769484 -1.24662158805
0.734555737344 1.03935704248
1.20875989192 0.512724897162
1.00580799014 0.981166815185
0.858529256139 1.3510103578
1.89359997676 1.23290220491
0.17923174701 -0.337319414481
1.7147256087 -0.952769046724
1.62781088408 1.72580050908
0.666980378229 -1.77398182487
-0.715781652391 -0.582186528785
-0.0120470831954 -0.597460053942
-1.64610648989 0.488681462543
2.46464263864 0.542394035314
2.96618593272 -0.236113952511
1.31844759411 -1.50757717253
1.82840497697 0.301327463404
0.64411077637 0.367859631602
-1.33247802191 -0.615826616407
-1.45246060005 0.397672849011
-0.730315737816 -0.97438600039
2.30431383184 0.397717563609
2.8830871669 0.768766012456
-1.73846874204 -0.0060322720251
0.873844386966 1.95736052148
0.423148584147 2.23987653843
2.71011655197 -0.19948982628
-0.656623961688 -0.917387611151
-1.36136835658 1.67385476575
0.745173929857 -1.10493589483
1.06304318355 -0.402290584344
-0.873896225199 -0.470602372412
1.44501006829 1.23016865965
2.18100631183 0.526529932218
-1.75532073538 -0.667971606617
2.76669311803 0.970345758515
0.971552224492 0.608461021402
0.472424824018 -1.2481265927
0.562648260331 -1.63822142606
-0.829819811875 0.0766948008356
0.76092873065 -1.00741984824
0.639068892333 1.2042032557
0.57523323002 -1.28225880241
-1.35756221649 0.366658778102
1.14553599063 0.70615478177
-1.92291529229 0.361315746952
0.147471410576 -0.701112486826
-0.927230901996 -1.04915624768
-1.57065528309 -1.57522109258
-0.0433632248085 1.30984621095
1.06793754796 2.05285480244
0.932272654142 -1.0788895667
-1.30374172043 0.7187536813
-0.326711677037 -0.051901720979
0.87668187154 1.56491722563
2.67921940641 1.03838220302
-1.70427576783 0.928009694678
-1.05086920661 -0.44814674166
-0.873711443253 1.3480502582
-0.196314610309 -1.84770384123
-0.682419110736 -0.700686982308
1.19515262482 1.19878720741
-0.662376166624 -0.488734355103
-1.92704462767 0.743101212293
1.16096691911 -1.78768490062
0.180848860585 1.53314953788
0.474317101822 -1.31507319453
2.20621366734 0.861228340029
1.55409430453 1.02954331242
2.55082374805 0.425105094354
2.32190751408 0.392276172454
2.80177004316 0.20580212466
1.61633257872 0.976718539771
2.16761099832 0.660583829386
1.32623412614 0.997434005171
-1.62988683423 0.178125142612
1.59343510025 1.39993835151
-0.0946738669423 -1.1023612889
0.327761014945 1.25961271367
-0.989983535831 0.22988834147
0.94157715329 -1.42770499253
-2.04240945985 0.886956497053
-0.824220400905 -0.578745781091
1.16891640616 -1.69677802019
0.439011540677 1.13803078598
-2.69306073825 0.599655587825
0.698866944625 -1.61639076025
0.527481844644 1.19997432049
-1.07853667309 -0.624875819851
-1.28979756627 0.762330040988
-0.68920886621 0.80095285999
-1.82878236899 -0.510040149109
-0.0435719502289 -1.22835096897
-1.01186066721 -0.959844255123
0.604700649856 -1.15115773413
1.36751433301 1.5827078353
-1.38620801918 1.60462791447
-0.999232986938 0.323070756465
-0.299468619451 0.501193843214
-1.05795482777 -0.698706550935
-1.05289470662 -1.04088389322
-0.688237111171 -0.971992047811
0.32759423736 -1.39758114287
-2.44864696924 0.73796316163
0.649978491842 -0.960770941524
2.15206306019 1.03775131068
-2.14516772089 1.7315518853
-1.19022171082 -0.10752003665
1.11379688317 1.20041090516
1.42226752728 1.13053557815
0.56329505149 1.52053912783
-1.62271314538 1.10236768854
1.94230167157 0.694479943439
0.443074733583 -1.60954727694
0.804841298231 -0.0438461064197
1.39170886404 -1.57147246844
-0.995606870482 -0.839098854642
0.803511399754 -1.72011045302
-1.79016908468 0.0900322485227
0.420834140785 -1.11983483323
0.223911404669 -1.2824624915
0.565098999739 -1.45651710015
-1.39715797114 -0.0624243063486
-1.36792657461 -0.127717071389
-1.86251076297 0.0275853152944
-1.45096276391 0.0085354078178
-0.82930338473 0.925348240545
-2.0383046027 -0.459045096074
-2.05708203485 0.919578457709
-0.790014753211 0.538645381374
0.660791124868 0.973218628895
0.0463376715032 -0.882187916167
1.84779866339 1.37252703874
-0.938297819808 -0.688559757323
0.0958004774438 -0.968544370943
1.67677191171 0.540826121487
-1.68392120994 0.934487608139
-1.3490715646 -0.783668891174
1.51443110061 1.07652323044
0.299629561244 -1.19192902712
-0.764854272443 -0.235173209135
2.50081158635 1.14650413436
2.82145367248 0.31864281556
1.58101522175 0.256271547758
-1.38993135232 0.246917689213
0.199500349573 -1.25001024303
2.68073688408 -0.248660904193
2.03555881985 0.155497010512
-1.71255813104 1.12699970239
-0.393888004836 0.679414794585
1.350537996 1.80085585139
-0.585652051914 -0.917304372246
1.93206542998 -0.525287976631
0.223794719647 -2.07360969868
0.133144855221 0.16347843595
2.36976849651 0.0910405247341
-0.87492328321 -0.445376388261
2.74885145573 0.825056970166
-1.46509201579 -0.531019776409
-1.25435237468 -0.921007737808
-0.846077581695 -1.18534958289
-1.15446664964 0.469207052917
-0.474438111561 -0.469472075029
-1.51067198449 -0.316555025522
-2.00217452647 -0.0519764949295
1.25968315755 0.638095132257
-1.01676565177 -0.659362759007
1.67895619904 0.184764813044
-0.770194436806 -1.26431730306
-2.42119447157 0.685224308401
1.00133456608 0.976815438643
2.06417313531 0.627175878
0.00160024499829 0.839423902169
-0.330329890224 -1.58173984767
-1.44493524456 -0.585290145799
-0.552950768482 0.538766663343
0.935555093534 1.23001653197
1.95510982623 1.01765177946
0.867294613483 -1.45489563242
1.10272019395 1.37536598945
1.02913316421 0.843921585651
-0.536658940398 -0.642259388685
1.10581361994 1.63221858395
1.40510087417 1.69155493022
2.54417865046 1.17216957666
1.91746666962 0.168497089225
-0.757442645002 -0.357958658471
-1.22705291977 1.92520206687
1.00133608253 0.863185746555
-1.96935860683 -0.192844945576
-1.59916052245 -1.21550618014
0.897593920558 1.74135374657
2.36777814049 0.71677855861
2.64458941072 0.0963015210289
-0.799846435636 -1.04914752747
2.19208564212 1.28694705448
2.87542570352 0.224859744884
2.39860089422 1.14237433586
-0.593535510709 -0.827411579898
-2.2493549345 0.539126893077
1.21962630389 -1.44411692609
-1.25016502771 0.91883301635
0.105262039 0.871254033917
-1.77962805646 -0.360971581708
0.539132605811 -0.642782652268
-1.63778773392 -0.873627391806
0.809690433516 0.880040960962
-0.52093595016 -0.611898763018
-1.33137276232 0.667498760074
-0.846599657192 0.638864887838
0.365352715474 -1.23107544753
2.34449160534 0.817353004872
-0.891640906169 -0.302217174734
0.559237249608 -1.4270712873
1.80185408674 1.3101018738
-0.70372659705 -0.246191021616
0.774457129814 -1.69273764985
-0.659631416438 -0.688906641481
2.69525919562 0.874155147696
1.99550837175 0.998166677519
2.71587615262 -0.222702951854
-2.29229182037 0.654316537825
1.29251548191 0.681939570149
1.09270495295 -1.22175537348
1.6129784721 0.713249724365
-1.95905521586 -0.819032110131
1.6468153128 0.470418221536
-0.739693241873 0.655377129576
1.84914328737 1.03114468508
-0.43904786605 -1.14452823436
1.0634312796 0.891295635811
2.72938306345 0.164044065994
0.985391720218 -1.38263881108
-0.977082663214 -0.897131374176
-1.2311611362 0.989294956247
-0.911896306084 0.303426898583
-1.51822189512 0.246860350253
0.501631051547 -1.69274844877
2.45617832513 -0.097875857185
0.942583371873 -1.08865392888
1.70010658157 -1.12130495472
-1.17783635005 0.0829391444589
2.24969125416 1.4292880596
1.79084045424 0.129798866797
-1.56756721426 0.406905823337
1.69774685346 1.14733941336
0.886174506261 -1.53124675868
-1.41887008691 0.268965083317
2.06744064617 0.723046388673
0.0952494100488 -1.02215480832
1.03764108944 -1.27269121182
-0.434725782919 -0.446601979394
1.55595900612 1.09734462915
1.72473235963 0.491640361589
-1.64714767341 -0.160956455006
-0.422445813983 -0.719148524334
-1.33665386483 0.233556010999
1.83377192312 1.02843076871
-0.170036697225 -2.3787666183
-1.45510724114 -0.643914322248
2.63607728871 0.217191174395
-1.47187798682 0.194609536976
-0.981750895437 0.45200966921
-0.720804755659 -0.852447349866
-0.827167007219 0.925297033828
-1.03683058191 0.324161717841
0.68058327055 -0.858682195229
2.80550934361 0.685989089272
2.26100081907 0.251601443181
-2.36647476446 0.546117462281
2.48430511681 0.59881177301
-1.94680584408 0.181838694704
-1.29032005399 1.58067080776
-1.14539212538 0.207847292756
1.34411421353 0.670058467781
0.837357734719 1.05519918504
1.32390200882 1.35742759216
1.32630893789 1.19138109844
1.84899989677 0.753498688745
0.967099234329 1.69013107907
1.86817490078 0.823943074751
0.291801204176 0.669009272812
1.13697969334 1.32571842825
-1.27284087158 -0.953850101107
1.40693783025 0.758415011967
0.68757924918 -1.91891439534
0.366496276213 -2.05943358977
-0.146710549108 -0.94093415426
